4167,4
4167,1
4167,3
4165,2
4153,2
0,544
4158,2
4158,5
4161,2
4161,5
4165,5
4153,5
4215,52
4215,51
4215,50
4215,49
4215,48
4215,47
4215,46
4215,45
4215,44
4215,43
4215,42
4215,41
4215,40
4215,39
4215,38
4215,37
4215,36
4215,35
10,282
10,146
10,180
10,110
10,138
10,4
10,230
10,184
4176,6
4176,4
4176,3
11,18
11,9
11,14
11,6
11,5
11,29
11,3
4176,2
4176,1
4173,6
4173,5
4173,3
4173,1
4170,7
4170,6
4170,4
4170,3
4170,2
4170,1
4165,4
8,15
8,8
8,16
8,10
8,12
4165,3
4165,1
4162,3
4162,1
4161,4
4161,3
4161,1
4158,4
4158,3
4158,1
4155,3
4155,1
4154,3
4154,1
4153,4
4153,3
4153,1
4150,3
4150,1
4149,4
4149,3
4149,1
4143,6
4143,5
4143,4
4143,3
4143,1
20,3
20,2
20,1
19,3
19,2
19,1
14,11
14,10
14,9
14,7
14,4
14,2
14,0
12,3
12,2
12,1
11,30
11,28
11,27
11,25
11,24
11,19
11,15
11,1
11,10
11,2
18,1
10,276
10,270
18,3
